類型代號	公司代號	公司名稱	基金統編	基金名稱	幣別	淨值	前一日淨值	漲跌
AA1	A0001	兆豐國際投信	00965469	兆豐國際第一基金	TWD	10.99	10.93	0.06
AB1	A0001	兆豐國際投信	00971976	兆豐國際萬全基金	TWD	15.81	15.7	0.11
AA2	A0001	兆豐國際投信	00992769	兆豐國際全球基金	TWD	31.87	31.63	0.24
AA1	A0001	兆豐國際投信	01050148	兆豐國際國民基金	TWD	23.46	23.33	0.13
AA1	A0001	兆豐國際投信	10341837	兆豐國際豐台灣基金	TWD	27.75	27.65	0.1
AA2	A0001	兆豐國際投信	14699772	兆豐國際生命科學基金	TWD	16.3	16.21	0.09
AD1	A0001	兆豐國際投信	18044796	兆豐國際寶鑽貨幣市場基金	TWD	12.237	12.2368	0.0002
AA2	A0001	兆豐國際投信	25637773	兆豐國際綠鑽基金	TWD	8.87	8.84	0.03
AA2	A0001	兆豐國際投信	26278352	兆豐國際全球高股息基金	TWD	9.78	9.73	0.05
AA2	A0001	兆豐國際投信	26299315	兆豐國際民生動力基金	TWD	10.58	10.52	0.06
AE22	A0001	兆豐國際投信	31829638A	兆豐國際全球債券組合基金A(累積型)	TWD	10.24	10.25	-0.01
AE22	A0001	兆豐國際投信	31829638B	兆豐國際全球債券組合基金B(月配型)	TWD	10.24	10.25	-0.01
AC23	A0001	兆豐國際投信	31923107A	兆豐國際新興市場高收益債券基金A(累積型)	TWD	9.5256	9.5644	-0.0388
AC23	A0001	兆豐國際投信	31923107B	兆豐國際新興市場高收益債券基金B(月配型)	TWD	9.1657	9.203	-0.0373
AA1	A0001	兆豐國際投信	73991751	兆豐國際電子基金	TWD	18.23	18.16	0.07
AA1	A0001	兆豐國際投信	81584996	兆豐國際中小基金	TWD	11.83	11.73	0.1
AA1	A0003	第一金投信	00968521	第一金福元基金	TWD	8.1	8.06	0.04
AD1	A0003	第一金投信	01032249	第一金全家福貨幣市場基金	TWD	174.33	174.327	0.003
AA1	A0003	第一金投信	01032803	第一金萬得福基金	TWD	11.96	11.94	0.02
AA2	A0003	第一金投信	10338642	第一金全球大趨勢基金	TWD	17.48	17.46	0.02
AA1	A0003	第一金投信	15739619	第一金大中華基金	TWD	17.43	17.43	0
AA2	A0003	第一金投信	17612378	第一金亞洲科技基金	TWD	14.14	14.03	0.11
AA1	A0003	第一金投信	19341318	第一金電子基金	TWD	23.71	23.63	0.08
AD1	A0003	第一金投信	20081472	第一金台灣貨幣市場基金	TWD	14.936	14.9358	0.0002
AA1	A0003	第一金投信	20092528	第一金店頭市場基金	TWD	7.03	7.02	0.01
AC23	A0003	第一金投信	25593418A	第一金全球高收益債券基金A	TWD	14.1948	14.1957	-0.0009
AC23	A0003	第一金投信	25593418B	第一金全球高收益債券基金B	TWD	11.2061	11.2068	-0.0007
AA2	A0003	第一金投信	25620512	第一金中國世紀基金	TWD	7.54	7.51	0.03
AA2	A0003	第一金投信	25652648	第一金亞洲新興市場基金	TWD	9.77	9.74	0.03
AA1	A0003	第一金投信	26202396	第一金創新趨勢基金	TWD	12.57	12.53	0.04
AC21	A0003	第一金投信	26297013A	第一金新興市場投資等級債券基金A	TWD	9.2605	9.311	-0.0505
AC21	A0003	第一金投信	26297013B	第一金新興市場投資等級債券基金B	TWD	8.1698	8.2143	-0.0445
AA2	A0003	第一金投信	26333215	第一金全球品牌基金	TWD	12.55	12.52	0.03
AC21	A0003	第一金投信	31887361A	第一金全球企業社會責任投資等級債券基金A	TWD	9.6568	9.6839	-0.0271
AC21	A0003	第一金投信	31887361B	第一金全球企業社會責任投資等級債券基金B	TWD	9.2759	9.3019	-0.026
AA2	A0003	第一金投信	31909908	第一金全球資源基金	TWD	10.18	10.23	-0.05
AA2	A0003	第一金投信	48712350	第一金旗艦基金	TWD	10.51	10.52	-0.01
AG	A0003	第一金投信	48892846A	第一金全球不動產證券化基金A	TWD	7.3633	7.3596	0.0037
AG	A0003	第一金投信	48892846B	第一金全球不動產證券化基金B	TWD	5.9365	5.9336	0.0029
AA1	A0003	第一金投信	48929409	第一金台灣成長基金	TWD	8.11	8.11	0
AA1	A0003	第一金投信	73989002	第一金小型精選基金	TWD	22.53	22.41	0.12
AA2	A0003	第一金投信	81593453	第一金全球台商基金	TWD	11.33	11.32	0.01
AA2	A0003	第一金投信	92010461	第一金馬來西亞基金	TWD	12.75	12.72	0.03
AA1	A0003	第一金投信	97980043	第一金福王基金	TWD	12.38	12.34	0.04
AB1	A0003	第一金投信	99353151	第一金中概平衡基金	TWD	18.35	18.33	0.02
AB1	A0004	匯豐中華投信	00971080	匯豐安富基金	TWD	21.35	21.28	0.07
AA1	A0004	匯豐中華投信	01031298	匯豐龍鳳基金	TWD	37.88	37.66	0.22
AA2	A0004	匯豐中華投信	18031954	匯豐太平洋精典基金	TWD	13.54	13.46	0.08
AA2	A0004	匯豐中華投信	25500903	匯豐中國動力基金	TWD	11.56	11.51	0.05
AE22	A0004	匯豐中華投信	25617919	匯豐雙高收益債券組合基金	TWD	11.7913	11.7998	-0.0085
AA2	A0004	匯豐中華投信	25651866	匯豐黃金及礦業股票型基金	TWD	5.39	5.44	-0.05
AC21	A0004	匯豐中華投信	25695077A	匯豐資源豐富國家債券基金-累積型	TWD	9.5535	9.6319	-0.0784
AC21	A0004	匯豐中華投信	25695077B	匯豐資源豐富國家債券基金-月配型	TWD	7.6349	7.7132	-0.0783
AC23	A0004	匯豐中華投信	26286281A	匯豐亞洲高收益債券基金-累積型	TWD	10.8851	10.9011	-0.016
AC23	A0004	匯豐中華投信	26286281B	匯豐亞洲高收益債券基金-月配型	TWD	9.4032	9.4192	-0.016
AA2	A0004	匯豐中華投信	26335699	匯豐拉丁美洲基金	TWD	8.74	8.84	-0.1
AC23	A0004	匯豐中華投信	26396604A	匯豐中國點心高收益債券基金(台幣)	TWD	11.2735	11.2788	-0.0053
AC23	A0004	匯豐中華投信	26396604B	匯豐中國點心高收益債券基金(人民幣不配息)	CNY	2.2803	2.2802	0.0001
AC23	A0004	匯豐中華投信	26396604C	匯豐中國點心高收益債券基金(人民幣配息)	CNY	2.2345	2.2343	0.0002
AC23	A0004	匯豐中華投信	26396604D	匯豐中國點心高收益債券基金(台幣配息)	TWD	11.2734	11.2788	-0.0054
AC23	A0004	匯豐中華投信	26396604E	匯豐中國點心高收益債券基金(美元不配息)	USD	0.377	0.3769	0.0001
AC23	A0004	匯豐中華投信	26396604F	匯豐中國點心高收益債券基金(美元配息)	USD	0.377	0.3769	0.0001
AA2	A0004	匯豐中華投信	38482745	匯豐中國A股匯聚基金	TWD	9.99	9.98	0.01
AA2	A0004	匯豐中華投信	48686374	匯豐金磚動力基金	TWD	11.05	11.01	0.04
AE22	A0004	匯豐中華投信	48745129	匯豐五福全球債券組合基金	TWD	12.4381	12.4454	-0.0073
AA2	A0004	匯豐中華投信	48784327	匯豐新鑽動力基金	TWD	9.08	9.08	0
AE21	A0004	匯豐中華投信	48865209	匯豐全球趨勢組合基金	TWD	10.19	10.21	-0.02
AA2	A0004	匯豐中華投信	48925001	匯豐全球關鍵資源基金	TWD	7.96	8	-0.04
AA2	A0004	匯豐中華投信	48998019	匯豐全球新富基金	TWD	10.83	10.83	0
AA1	A0004	匯豐中華投信	73987671	匯豐台灣精典基金	TWD	17.93	17.82	0.11
AA1	A0004	匯豐中華投信	76941376	匯豐成功基金	TWD	33	32.98	0.02
AA1	A0004	匯豐中華投信	92017794	匯豐龍騰電子基金	TWD	23.5	23.33	0.17
AD1	A0004	匯豐中華投信	92025871	匯豐富泰貨幣市場基金	TWD	15.6373	15.6371	0.0002
AD1	A0004	匯豐中華投信	97993027	匯豐富泰二號貨幣市場基金	TWD	14.8004	14.8002	0.0002
AA1	A0004	匯豐中華投信	97995664	匯豐中小基金	TWD	8.06	8.04	0.02
AA1	A0005	元大寶來投信	00974066	元大寶來2001基金	TWD	41.77	41.75	0.02
AA1	A0005	元大寶來投信	01032058	元大寶來多福基金	TWD	45.65	45.56	0.09
AH1	A0005	元大寶來投信	10342511	元大寶來新台灣基金	TWD	31.51	31.5	0.01
AA2	A0005	元大寶來投信	10348058	元大寶來全球農業商機基金	TWD	16.91	16.87	0.04
AD1	A0005	元大寶來投信	13530495	元大寶來得寶貨幣市場基金	TWD	11.7482	11.748	0.0002
AA1	A0005	元大寶來投信	14542287	元大寶來精準中小基金	TWD	16.68	16.77	-0.09
AA2	A0005	元大寶來投信	14696466	元大寶來全球成長基金	TWD	17.93	17.91	0.02
AA1	A0005	元大寶來投信	17139204	元大寶來新主流基金	TWD	16.11	16.14	-0.03
AA1	A0005	元大寶來投信	17145070	元大寶來矽谷基金	TWD	11.15	11.11	0.04
AA2	A0005	元大寶來投信	17612481	元大寶來全球通訊基金	TWD	5.52	5.52	0
AA1	A0005	元大寶來投信	18036281	元大寶來巴菲特基金	TWD	20.45	20.37	0.08
AA1	A0005	元大寶來投信	20080023	元大寶來店頭基金	TWD	6.92	6.9	0.02
AD1	A0005	元大寶來投信	20081331	元大寶來萬泰貨幣市場基金	TWD	14.8101	14.8099	0.0002
AG	A0005	元大寶來投信	21718388A	元大寶來全球不動產證券化基金(A)-不配息型	TWD	10.65	10.69	-0.04
AG	A0005	元大寶來投信	21718388B	元大寶來全球不動產證券化基金(B)-配息型	TWD	8.11	8.14	-0.03
AA2	A0005	元大寶來投信	25520400	元大寶來新中國基金	TWD	8.31	8.2	0.11
AI2	A0005	元大寶來投信	25591306	元大寶來大中華價值指數基金	TWD	13.174	13.095	0.079
AH2	A0005	元大寶來投信	25610486	元大寶來標智滬深300基金	TWD	12.32	12.32	0
AA2	A0005	元大寶來投信	25622390	元大寶來印度基金	TWD	7.83	7.82	0.01
AE22	A0005	元大寶來投信	25638920A	元大寶來全球靈活配置債券組合基金(A)-不配息型	TWD	10.61	10.62	-0.01
AE22	A0005	元大寶來投信	25638920B	元大寶來全球靈活配置債券組合基金(B)-配息型	TWD	10.56	10.57	-0.01
AA2	A0005	元大寶來投信	25643156	元大寶來新興亞洲基金	TWD	8.78	8.74	0.04
AA2	A0005	元大寶來投信	25680222	元大寶來新興亞洲龍頭基金	TWD	9.8	9.74	0.06
AC21	A0005	元大寶來投信	25684830	元大寶來全球短期收益基金	TWD	10.0178	10.032	-0.0142
AI2	A0005	元大寶來投信	26203825	元大寶來印度指數基金	TWD	7.174	7.175	-0.001
AI2	A0005	元大寶來投信	26203846	元大寶來印尼指數基金	TWD	7.482	7.456	0.026
AI2	A0005	元大寶來投信	26203851	元大寶來巴西指數基金	TWD	6.121	6.161	-0.04
AA2	A0005	元大寶來投信	26206323	元大寶來華夏中小基金	TWD	7.44	7.37	0.07
AH1	A0005	元大寶來投信	26282102	元大寶來富櫃50基金	TWD	12.17	12.14	0.03
AE22	A0005	元大寶來投信	26283518A	元大寶來新興市場債券組合基金-不配息型	TWD	10.3515	10.3594	-0.0079
AE22	A0005	元大寶來投信	26283518B	元大寶來新興市場債券組合基金-配息型	TWD	9.4525	9.4597	-0.0072
AC21	A0005	元大寶來投信	26297576A	元大寶來全球國富債券基金(A)-不配息型	TWD	8.6337	8.7123	-0.0786
AC21	A0005	元大寶來投信	26297576B	元大寶來全球國富債券基金(B)-配息型	TWD	7.356	7.4229	-0.0669
AH1	A0005	元大寶來投信	26306553	元大寶來摩臺基金	TWD	28.12	27.96	0.16
AI1	A0005	元大寶來投信	26307568	元大寶來台股指數基金	TWD	10.05	10.001	0.049
AA2	A0005	元大寶來投信	26326707	元大寶來新興市場ESG策略基金	TWD	11.8	11.83	-0.03
AC23	A0005	元大寶來投信	26394367	元大寶來中國高收益點心債券基金	TWD	10.9566	10.9526	0.004
AB2	A0005	元大寶來投信	31830473A	元大寶來中國平衡基金-新台幣	TWD	10.78	10.71	0.07
AB2	A0005	元大寶來投信	31830473B	元大寶來中國平衡基金-人民幣	CNY	2.16	2.14	0.02
AH2	A0005	元大寶來投信	31830488	元大寶來上證50基金	TWD	17.72	17.63	0.09
AI2	A0005	元大寶來投信	31931789A	元大寶來亞太政府公債指數基金(A)-不配息型	TWD	8.672	8.6937	-0.0217
AI2	A0005	元大寶來投信	31931789B	元大寶來亞太政府公債指數基金(B)-配息型	TWD	8.4666	8.4879	-0.0213
AA2	A0005	元大寶來投信	48708243	元大寶來亞太成長基金	TWD	11.15	11.11	0.04
AA2	A0005	元大寶來投信	48753324	元大寶來泛歐成長基金	TWD	9.97	9.94	0.03
AE21	A0005	元大寶來投信	48760113	元大寶來全球新興市場精選組合基金	TWD	12.47	12.48	-0.01
AH1	A0005	元大寶來投信	48772770	元大寶來台灣中型100基金	TWD	29.89	29.65	0.24
AE21	A0005	元大寶來投信	48789815	元大寶來全球ETF成長組合基金	TWD	9.51	9.53	-0.02
AA2	A0005	元大寶來投信	48832550	元大寶來亞洲台資企業基金	TWD	8.38	8.39	-0.01
AC22	A0005	元大寶來投信	48849362A	元大寶來全球滿意入息基金-不配息型	TWD	10.75	10.76	-0.01
AC22	A0005	元大寶來投信	48849362B	元大寶來全球滿意入息基金-配息型	TWD	8.3	8.3	0
AG	A0005	元大寶來投信	48885346A	元大寶來全球地產建設入息基金-不配息型	TWD	7.72	7.74	-0.02
AG	A0005	元大寶來投信	48885346B	元大寶來全球地產建設入息基金-配息型	TWD	6.56	6.58	-0.02
AH1	A0005	元大寶來投信	48903175	元大寶來台灣金融基金	TWD	14.06	14.05	0.01
AH1	A0005	元大寶來投信	48903180	元大寶來台商收成基金	TWD	21.37	21.25	0.12
AH1	A0005	元大寶來投信	48903196	元大寶來台灣電子科技基金	TWD	24.49	24.26	0.23
AA2	A0005	元大寶來投信	48952816A	元大寶來全球公用能源效率基金-不配息型	TWD	7.19	7.23	-0.04
AA2	A0005	元大寶來投信	48952816B	元大寶來全球公用能源效率基金-配息型	TWD	5.94	5.97	-0.03
AH1	A0005	元大寶來投信	48966213	元大寶來台灣高股息基金	TWD	23.08	22.84	0.24
AA1	A0005	元大寶來投信	77537509	元大寶來多元基金	TWD	11.69	11.71	-0.02
AA1	A0005	元大寶來投信	81584335	元大寶來高科技基金	TWD	11.13	11.07	0.06
AA1	A0005	元大寶來投信	83863951	元大寶來經貿基金	TWD	25.48	25.41	0.07
AA1	A0005	元大寶來投信	92001765	元大寶來多多基金	TWD	14.83	14.83	0
AA1	A0005	元大寶來投信	92004566	元大寶來績效基金	TWD	30.1	30.24	-0.14
AD1	A0005	元大寶來投信	92017204	元大寶來得利貨幣市場基金	TWD	15.9322	15.9319	0.0003
AA1	A0005	元大寶來投信	92026219	元大寶來卓越基金	TWD	34.44	34.42	0.02
AB1	A0005	元大寶來投信	98636553	元大寶來雙盈基金	TWD	22.49	22.44	0.05
AH1	A0005	元大寶來投信	98764389	元大寶來台灣卓越50基金	TWD	57.84	57.55	0.29
AI1	A0005	元大寶來投信	99346928	元大寶來台灣加權股價指數基金	TWD	16.894	16.81	0.084
AE23	A0005	元大寶來投信	99967974	元大寶來全球ETF穩健組合基金	TWD	13.4	13.44	-0.04
AA2	A0006	景順投信	14687516	景順全球康健基金	TWD	16.5	16.61	-0.11
AA1	A0006	景順投信	15588302	景順台灣精選成長基金	TWD	26.5	26.69	-0.19
AA1	A0006	景順投信	17140568	景順主流基金	TWD	15.5	15.63	-0.13
AB1	A0006	景順投信	17606713	景順平衡基金	TWD	10.44	10.45	-0.01
AA1	A0006	景順投信	73989256	景順台灣科技基金	TWD	23.33	23.41	-0.08
AA1	A0006	景順投信	92019786	景順潛力基金	TWD	28.84	29.08	-0.24
AD1	A0006	景順投信	92025942	景順貨幣市場基金	TWD	15.6691	15.6688	0.0003
AA2	A0006	景順投信	97993482	景順全球科技基金	TWD	11.89	11.9	-0.01
AA2	A0007	瀚亞投信	10310200	瀚亞全球綠色金脈基金	TWD	13.43	13.47	-0.04
AA2	A0007	瀚亞投信	14692623	瀚亞美國高科技基金	TWD	14.63	14.58	0.05
AA1	A0007	瀚亞投信	17603899	瀚亞電通網基金	TWD	10.32	10.29	0.03
AA2	A0007	瀚亞投信	17611814	瀚亞歐洲基金	TWD	10.38	10.39	-0.01
AB1	A0007	瀚亞投信	18036769	瀚亞理財通基金	TWD	19.21	19.16	0.05
AA2	A0007	瀚亞投信	21704130	瀚亞印度基金	TWD	16.35	16.24	0.11
AA2	A0007	瀚亞投信	25633559	瀚亞巴西基金	TWD	5.69	5.66	0.03
AC23	A0007	瀚亞投信	26257384A	瀚亞全球高收益債券基金A類型	TWD	12.3613	12.3599	0.0014
AC23	A0007	瀚亞投信	26257384B	瀚亞全球高收益債券基金B類型	TWD	10.2314	10.2721	-0.0407
AC23	A0007	瀚亞投信	26257384C	瀚亞全球高收益債券基金C類型	TWD	12.2771	12.3605	-0.0834
AA2	A0007	瀚亞投信	26384902	瀚亞中國基金	TWD	11.25	11.14	0.11
AC21	A0007	瀚亞投信	31835499A	瀚亞新興亞洲當地貨幣債券基金A類型	TWD	9.5847	9.5896	-0.0049
AC21	A0007	瀚亞投信	31835499B	瀚亞新興亞洲當地貨幣債券基金B類型	TWD	8.9093	8.9493	-0.04
AC23	A0007	瀚亞投信	31902573A	瀚亞縱橫全球高收益債券基金A類型	TWD	10.1477	10.1543	-0.0066
AC23	A0007	瀚亞投信	31902573B	瀚亞縱橫全球高收益債券基金B類型	TWD	9.5672	9.6236	-0.0564
AC21	A0007	瀚亞投信	31999540A	瀚亞新興南非蘭特債券基金A類型	ZAR	10.0028	10.0222	-0.0194
AC21	A0007	瀚亞投信	31999540B	瀚亞新興南非蘭特債券基金B類型	ZAR	10.0028	10.0222	-0.0194
AA2	A0007	瀚亞投信	48733897	瀚亞亞太高股息基金	TWD	12.81	12.75	0.06
AE22	A0007	瀚亞投信	48801000A	瀚亞精選傘型基金之債券精選組合基金A類型	TWD	12.7563	12.7521	0.0042
AE22	A0007	瀚亞投信	48801000B	瀚亞精選傘型基金之債券精選組合基金B類型	TWD	12.4534	12.4882	-0.0348
AE21	A0007	瀚亞投信	48801016	瀚亞精選傘型基金之趨勢精選組合基金	TWD	13.11	13.08	0.03
AG	A0007	瀚亞投信	48836541A	瀚亞亞太不動產證券化證券投資信託基金A類型	TWD	8.71	8.71	0
AG	A0007	瀚亞投信	48836541B	瀚亞亞太不動產證券化證券投資信託基金B類型	TWD	8.54	8.54	0
AA2	A0007	瀚亞投信	48885958	瀚亞亞太基礎建設基金	TWD	10.79	10.73	0.06
AA1	A0007	瀚亞投信	81595924	瀚亞中小型股基金	TWD	13.31	13.26	0.05
AD1	A0007	瀚亞投信	83867345	瀚亞威寶貨幣市場基金	TWD	13.291	13.2908	0.0002
AA1	A0007	瀚亞投信	92003102	瀚亞高科技基金	TWD	41.98	41.84	0.14
AA1	A0007	瀚亞投信	92012572	瀚亞外銷基金	TWD	27.77	27.7	0.07
AA1	A0007	瀚亞投信	97990696	瀚亞菁華基金	TWD	16.29	16.32	-0.03
AE23	A0007	瀚亞投信	99967806A	瀚亞質量精選組合基金A類型	TWD	12.4872	12.4762	0.011
AE23	A0007	瀚亞投信	99967806B	瀚亞質量精選組合基金B類型	TWD	12.483	12.472	0.011
AA1	A0008	保德信投信	01032183	保德信高成長基金	TWD	70.09	70.26	-0.17
AA2	A0008	保德信投信	10307155	保德信全球消費商機基金	TWD	14.81	14.89	-0.08
AA1	A0008	保德信投信	13528977	保德信台商全方位基金	TWD	25.33	25.27	0.06
AA2	A0008	保德信投信	14692638	保德信全球醫療生化基金	TWD	26.43	26.24	0.19
AA1	A0008	保德信投信	17602625	保德信新世紀基金	TWD	9.16	9.15	0.01
AB1	A0008	保德信投信	18044064	保德信金平衡基金	TWD	22.54	22.5	0.04
AC12	A0008	保德信投信	20089122	保德信瑞騰基金	TWD	15.1225	15.1224	0.0001
AA1	A0008	保德信投信	20097447	保德信第一基金	TWD	19.76	19.7	0.06
AA2	A0008	保德信投信	25618488	保德信全球優質股息成長基金	TWD	12.1	12.17	-0.07
AA2	A0008	保德信投信	25674811	保德信拉丁美洲基金	TWD	7.75	7.83	-0.08
AC21	A0008	保德信投信	26263055A	保德信新興市場債券基金-累積型(A)	TWD	10.0378	10.078	-0.0402
AC21	A0008	保德信投信	26263055B	保德信新興市場債券基金-季配息型(B)	TWD	8.6544	8.6891	-0.0347
AA2	A0008	保德信投信	26290779	保德信中國品牌基金	TWD	8.7	8.63	0.07
AC21	A0008	保德信投信	26320990A	保德信亞洲新興市場債券基金-累積型(A)	TWD	10.3144	10.3262	-0.0118
AC21	A0008	保德信投信	26320990B	保德信亞洲新興市場債券基金-季配息型(B)	TWD	9.4395	9.4503	-0.0108
AA2	A0008	保德信投信	31814924	保德信大俄羅斯基金	TWD	10.28	10.35	-0.07
AE22	A0008	保德信投信	31832319A	保德信好時債組合基金-累積型(A)	TWD	10.464	10.4623	0.0017
AE22	A0008	保德信投信	31832319B	保德信好時債組合基金-月配息型(B)	TWD	10.1375	10.1359	0.0016
AC21	A0008	保德信投信	31968075A	保德信新興市場企業債券基金-累積型(A)	TWD	10.0045	10.0172	-0.0127
AC21	A0008	保德信投信	31968075B	保德信新興市場企業債券基金-月配息型(B)	TWD	9.7647	9.7771	-0.0124
AA2	A0008	保德信投信	48745042	保德信日本基金	TWD	7.62	7.53	0.09
AE23	A0008	保德信投信	48803942	保德信新興趨勢組合基金	TWD	10.23	10.27	-0.04
AE23	A0008	保德信投信	48844280	保德信歐洲組合基金	TWD	10.34	10.36	-0.02
AA2	A0008	保德信投信	48938250	保德信全球資源基金	TWD	8.4	8.45	-0.05
AA2	A0008	保德信投信	48970455	保德信全球基礎建設基金	TWD	10.54	10.54	0
AA1	A0008	保德信投信	73990649	保德信科技島基金	TWD	17.1	17.02	0.08
AA2	A0008	保德信投信	73998065	保德信大中華基金	TWD	23.11	22.83	0.28
AA1	A0008	保德信投信	83866508	保德信中小型股基金	TWD	35.79	35.76	0.03
AA1	A0008	保德信投信	92013967	保德信金滿意基金	TWD	31.55	31.47	0.08
AA2	A0008	保德信投信	92029139	保德信亞太基金	TWD	18.67	18.62	0.05
AD1	A0008	保德信投信	97978047	保德信貨幣市場基金	TWD	15.4485	15.4483	0.0002
AA1	A0008	保德信投信	97988636	保德信店頭市場基金	TWD	27.84	27.74	0.1
AA2	A0008	保德信投信	98755451	保德信全球中小基金	TWD	24.2	24.19	0.01
AE21	A0008	保德信投信	99611329	保德信全球組合基金	TWD	14.65	14.67	-0.02
AA1	A0009	統一投信	01031699	統一全天候基金	TWD	58.38	58.28	0.1
AA1	A0009	統一投信	17605622	統一大滿貫基金	TWD	22.4	22.38	0.02
AA2	A0009	統一投信	18030553	統一亞太基金	TWD	23.94	23.87	0.07
AA2	A0009	統一投信	25637393	統一大龍印基金	TWD	14.11	13.98	0.13
AA2	A0009	統一投信	26202889	統一大中華中小基金	TWD	11.19	11.11	0.08
AA2	A0009	統一投信	26318517	統一新亞洲科技能源基金	TWD	13.21	13.02	0.19
AA2	A0009	統一投信	31841577	統一亞洲大金磚基金	TWD	11.51	11.35	0.16
AC21	A0009	統一投信	31980155A	統一新興市場企業債券基金-累積型	TWD	9.9745	9.9915	-0.017
AC21	A0009	統一投信	31980155B	統一新興市場企業債券基金-月配型	TWD	9.8906	9.9494	-0.0588
AE22	A0009	統一投信	48783925	統一全球債券組合基金	TWD	11.5186	11.5159	0.0027
AA2	A0009	統一投信	48863201	統一強漢基金	TWD	18.28	18.2	0.08
AA1	A0009	統一投信	48934304	統一台灣動力基金	TWD	10.47	10.41	0.06
AA1	A0009	統一投信	73990253	統一奔騰基金	TWD	34.95	34.88	0.07
AA1	A0009	統一投信	77537493	統一統信基金	TWD	21.99	21.98	0.01
AA1	A0009	統一投信	81581724	統一經建基金	TWD	25.21	25.06	0.15
AA1	A0009	統一投信	92002244	統一黑馬基金	TWD	34.47	34.21	0.26
AA1	A0009	統一投信	92012762	統一龍馬基金	TWD	40.5	40.34	0.16
AD1	A0009	統一投信	92017176	統一強棒貨幣市場基金	TWD	16.3348	16.3346	0.0002
AA1	A0009	統一投信	97977878	統一中小基金	TWD	15.34	15.32	0.02
AA1	A0010	富邦投信	00974018	富邦基金	TWD	9.35	9.35	0
AA1	A0010	富邦投信	10388939A	富邦台灣企業社會責任基金-A類型	TWD	13.32	13.36	-0.04
AA1	A0010	富邦投信	10388939B	富邦台灣企業社會責任基金-B類型	TWD	11.01	11.04	-0.03
AA1	A0010	富邦投信	17148301	富邦台灣心基金	TWD	15.42	15.5	-0.08
AA1	A0010	富邦投信	17153795	富邦價值基金	TWD	17.01	17.04	-0.03
AA1	A0010	富邦投信	20089755	富邦精銳中小基金	TWD	10.18	10.2	-0.02
AE22	A0010	富邦投信	26202038	富邦丰益債券組合基金	TWD	9.4846	9.5039	-0.0193
AC21	A0010	富邦投信	26275812A	富邦全球投資等級債券基金-A類型	TWD	10.5764	10.6006	-0.0242
AC21	A0010	富邦投信	26275812B	富邦全球投資等級債券基金-B類型	TWD	9.8948	9.9175	-0.0227
AA2	A0010	富邦投信	26302085	富邦農糧精選基金	TWD	10.26	10.26	0
AA2	A0010	富邦投信	26321920	富邦新興亞洲高成長基金	TWD	9.53	9.47	0.06
AH2	A0010	富邦投信	26334740	富邦上証180基金	TWD	18.93	18.87	0.06
AC23	A0010	富邦投信	31826230A	富邦策略高收益債券基金-A類型	TWD	11.232	11.24	-0.008
AC23	A0010	富邦投信	31826230B	富邦策略高收益債券基金-B類型	TWD	10.5423	10.5499	-0.0076
AC23	A0010	富邦投信	31826230C	富邦策略高收益債券基金-C類型	TWD	10.5844	10.592	-0.0076
AH1	A0010	富邦投信	31840182	富邦台灣釆吉50基金	TWD	33.17	33	0.17
AC21	A0010	富邦投信	31946404A	富邦中國債券傘型之富邦中國優質債券基金-A類型(人民幣)	CNY	10.1376	10.1401	-0.0025
AC21	A0010	富邦投信	31946404B	富邦中國債券傘型之富邦中國優質債券基金-B類型(人民幣)	CNY	10.0625	10.0649	-0.0024
AC21	A0010	富邦投信	31946404C	富邦中國債券傘型之富邦中國優質債券基金-A類型(美元)	USD	1.6657	1.6661	-0.0004
AC21	A0010	富邦投信	31946404D	富邦中國債券傘型之富邦中國優質債券基金-B類型(美元)	USD	1.6577	1.6581	-0.0004
AC23	A0010	富邦投信	31946426A	富邦中國債券傘型之富邦中國高收益債券基金-A類型(人民幣)	CNY	10.31	10.3216	-0.0116
AC23	A0010	富邦投信	31946426B	富邦中國債券傘型之富邦中國高收益債券基金-B類型(人民幣)	CNY	10.1737	10.1852	-0.0115
AC23	A0010	富邦投信	31946426C	富邦中國債券傘型之富邦中國高收益債券基金-A類型(美元)	USD	1.694	1.6959	-0.0019
AC23	A0010	富邦投信	31946426D	富邦中國債券傘型之富邦中國高收益債券基金-B類型(美元)	USD	1.6787	1.6806	-0.0019
AH1	A0010	富邦投信	48790067	富邦台灣科技指數基金	TWD	34.72	34.26	0.46
AA2	A0010	富邦投信	48908684	富邦大中華成長基金	TWD	5.18	5.14	0.04
AH1	A0010	富邦投信	48975156	富邦台灣ETF傘型基金之富邦台灣摩根指數股票型基金	TWD	35.05	34.84	0.21
AH1	A0010	富邦投信	48975162	富邦台灣ETF傘型基金之富邦台灣金融指數股票型基金	TWD	31.18	31.15	0.03
AH1	A0010	富邦投信	48977083	富邦台灣ETF傘型基金之富邦台灣發達指數股票型基金	TWD	35.08	35.02	0.06
AA1	A0010	富邦投信	81585475	富邦高成長基金	TWD	17.44	17.44	0
AA1	A0010	富邦投信	83864683	富邦科技基金	TWD	17.76	17.8	-0.04
AA1	A0010	富邦投信	92002384	富邦精準基金	TWD	39.96	40.12	-0.16
AA1	A0010	富邦投信	92010477	富邦長紅基金	TWD	47.46	47.48	-0.02
AA1	A0010	富邦投信	92010770	富邦台灣鳳凰基金	TWD	621.19	620.95	0.24
AA1	A0010	富邦投信	97974078	富邦冠軍基金	TWD	23.1	22.92	0.18
AD1	A0010	富邦投信	97980579	富邦吉祥貨幣市場基金	TWD	15.3409	15.3407	0.0002
AG	A0010	富邦投信	99991502	富邦全球不動產基金	TWD	7.26	7.26	0
AA1	A0011	摩根投信	00974039	摩根台灣基金	TWD	10.19	10.15	0.04
AA1	A0011	摩根投信	01032162	摩根台灣增長基金	TWD	37.89	37.8	0.09
AA2	A0011	摩根投信	10313109	摩根東方內需機會基金	TWD	12.11	12.02	0.09
AA2	A0011	摩根投信	10348445	摩根金龍收成基金	TWD	15.51	15.4	0.11
AB2	A0011	摩根投信	10348450	摩根神龍平衡基金	TWD	12.65	12.65	0
AA1	A0011	摩根投信	17144945	摩根價值成長基金	TWD	14.78	14.72	0.06
AA2	A0011	摩根投信	17612356	摩根全球通網基金	TWD	4.25	4.2	0.05
AB1	A0011	摩根投信	18036846	摩根平衡基金	TWD	24.54	24.46	0.08
AA2	A0011	摩根投信	20096209	摩根東方科技基金	TWD	21.39	21.11	0.28
AB2	A0011	摩根投信	21704027A	摩根亞太高息平衡基金-累積型	TWD	11.4978	11.4696	0.0282
AB2	A0011	摩根投信	21704027B	摩根亞太高息平衡基金-季配息型	TWD	10.7807	10.7542	0.0265
AA2	A0011	摩根投信	25610021	摩根中美G2新勢力基金	TWD	11.34	11.28	0.06
AA2	A0011	摩根投信	25627402	摩根中國亮點基金	TWD	9.91	9.82	0.09
AA1	A0011	摩根投信	25636367	摩根台灣金磚基金	TWD	14.35	14.39	-0.04
AA2	A0011	摩根投信	25684986	摩根新金磚五國基金	TWD	9.52	9.56	-0.04
AE22	A0011	摩根投信	26279269A	摩根總收益組合基金-累積型	TWD	10.8325	10.8168	0.0157
AE22	A0011	摩根投信	26279269B	摩根總收益組合基金-月配息型	TWD	10.393	10.3779	0.0151
AA2	A0011	摩根投信	26297175	摩根資源活力股票基金	TWD	4.94	4.96	-0.02
AC21	A0011	摩根投信	26297196A	摩根新興活利債券基金-累積型	TWD	10.4406	10.476	-0.0354
AC21	A0011	摩根投信	26297196B	摩根新興活利債券基金-月配息型	TWD	9.1992	9.2303	-0.0311
AC23	A0011	摩根投信	26376229A	摩根亞洲總合高收益債券基金-累積型	TWD	11.4929	11.5127	-0.0198
AC23	A0011	摩根投信	26376229B	摩根亞洲總合高收益債券基金-月配息型	TWD	10.0895	10.1069	-0.0174
AA2	A0011	摩根投信	29245757	摩根全球α基金	TWD	14.92	14.9	0.02
AC21	A0011	摩根投信	31892738A	摩根新興龍虎企業債券基金-累積型	TWD	9.9899	10.0016	-0.0117
AC21	A0011	摩根投信	31892738B	摩根新興龍虎企業債券基金-月配息型	TWD	9.4655	9.4766	-0.0111
AA2	A0011	摩根投信	31944996	摩根中國A股基金	TWD	10.45	10.41	0.04
AA2	A0011	摩根投信	48727760	摩根絕對日本基金	TWD	9.96	9.85	0.11
AA2	A0011	摩根投信	48768614	摩根新興35基金	TWD	10.72	10.77	-0.05
AA2	A0011	摩根投信	48860963	摩根全球發現基金	TWD	9.95	9.97	-0.02
AA2	A0011	摩根投信	48929098	摩根縱橫台商基金	TWD	9.97	9.96	0.01
AA2	A0011	摩根投信	48974190	摩根新絲路基金	TWD	8.29	8.27	0.02
AA2	A0011	摩根投信	73980092	摩根大歐洲基金	TWD	16.96	16.98	-0.02
AA1	A0011	摩根投信	73989501	摩根中小基金	TWD	17.92	17.98	-0.06
AA2	A0011	摩根投信	92005896	摩根新興日本基金	TWD	19.71	19.5	0.21
AA1	A0011	摩根投信	92012025	摩根新興科技基金	TWD	35.55	35.24	0.31
AD1	A0011	摩根投信	92016991	摩根台灣貨幣市場基金	TWD	16.0799	16.0798	0.0001
AA2	A0011	摩根投信	92023780	摩根亞洲基金	TWD	38.39	38.2	0.19
AD1	A0011	摩根投信	97991668	摩根第一貨幣市場基金	TWD	14.8421	14.8419	0.0002
AA2	A0011	摩根投信	97999612	摩根龍揚基金	TWD	23.49	23.3	0.19
AE23	A0011	摩根投信	98661139	摩根安家理財基金	TWD	11.0098	11.0112	-0.0014
AB2	A0011	摩根投信	99181637	摩根全球平衡基金	TWD	14.4439	14.5094	-0.0655
AA1	A0011	摩根投信	99354335	摩根台灣微型基金	TWD	16.43	16.48	-0.05
AA1	A0012	華南永昌投信	00973762	華南永昌永昌基金	TWD	12.27	12.25	0.02
AA1	A0012	華南永昌投信	10300929	華南永昌台灣精選基金	TWD	9.36	9.4	-0.04
AD1	A0012	華南永昌投信	13989817	華南永昌麒麟貨幣市場基金	TWD	11.727	11.7268	0.0002
AB1	A0012	華南永昌投信	18477625	華南永昌龍盈平衡基金	TWD	15.0647	15.1811	-0.1164
AE22	A0012	華南永昌投信	21703907	華南永昌全球亨利組合基金	TWD	13.7228	13.725	-0.0022
AA2	A0012	華南永昌投信	25608720	華南永昌黃河世紀基金	TWD	7.89	7.91	-0.02
AA1	A0012	華南永昌投信	26279964	華南永昌中小型基金	TWD	9.07	9.11	-0.04
AC23	A0012	華南永昌投信	31824578A	華南永昌金磚高收益債券基金(累積)	TWD	10.2815	10.2993	-0.0178
AC23	A0012	華南永昌投信	31824578B	華南永昌金磚高收益債券基金(月配息)	TWD	9.3129	9.329	-0.0161
AC23	A0012	華南永昌投信	31972492A	華南永昌人民幣高收益債券基金(累積新台幣)	TWD	10.3503	10.3433	0.007
AC23	A0012	華南永昌投信	31972492B	華南永昌人民幣高收益債券基金(月配新台幣)	TWD	10.1766	10.1697	0.0069
AC23	A0012	華南永昌投信	31972492C	華南永昌人民幣高收益債券基金(累積人民幣)	CNY	10.1306	10.1196	0.011
AC23	A0012	華南永昌投信	31972492D	華南永昌人民幣高收益債券基金(月配人民幣)	CNY	9.9913	9.9805	0.0108
AA2	A0012	華南永昌投信	48824897	華南永昌全球精品基金	TWD	12.99	13.08	-0.09
AA2	A0012	華南永昌投信	48878669A	華南永昌全球基礎建設基金-不配息	TWD	6.58	6.54	0.04
AA2	A0012	華南永昌投信	48878669B	華南永昌全球基礎建設基金-配息	TWD	5.93	5.9	0.03
AA1	A0012	華南永昌投信	48929007	華南永昌愛台灣基金	TWD	7.65	7.65	0
AA2	A0012	華南永昌投信	48963047	華南永昌全球神農水資源基金	TWD	8.99	9.05	-0.06
AA1	A0012	華南永昌投信	92016839	華南永昌前瞻科技基金	TWD	12.43	12.49	-0.06
AD1	A0012	華南永昌投信	97971760	華南永昌鳳翔貨幣市場基金	TWD	15.9245	15.9243	0.0002
AA1	A0014	新光投信	00974241	新光台灣富貴基金	TWD	17.08	17.05	0.03
AD1	A0014	新光投信	01031706	新光台灣吉利貨幣市場基金	TWD	17.5604	17.5602	0.0002
AA1	A0014	新光投信	13986924	新光大三通基金	TWD	15.26	15.25	0.01
AA2	A0014	新光投信	15743509	新光亞洲精選基金	TWD	23.01	22.89	0.12
AA2	A0014	新光投信	25515841	新光中國成長基金	TWD	10.08	9.96	0.12
AA2	A0014	新光投信	25619389	新光新興星鑽基金	TWD	8.87	8.85	0.02
AA2	A0014	新光投信	25683760	新光兩岸優勢基金	TWD	10.21	10.11	0.1
AA1	A0014	新光投信	26307407	新光傳產優勢基金	TWD	10.48	10.49	-0.01
AA1	A0014	新光投信	26334214	新光增長收益基金	TWD	9.78	9.78	0
AE24	A0014	新光投信	31893342	新光多元複合收益組合基金	TWD	10.24	10.23	0.01
AA1	A0014	新光投信	73998071	新光店頭基金	TWD	19.08	19.08	0
AA1	A0014	新光投信	81580149	新光國家建設基金	TWD	18.36	18.33	0.03
AA1	A0014	新光投信	81585242	新光創新科技基金	TWD	11.47	11.46	0.01
AD1	A0014	新光投信	97988122	新光吉星貨幣市場基金	TWD	15.1533	15.153	0.0003
AB1	A0014	新光投信	99975518	新光福運平衡基金	TWD	12.6284	12.599	0.0294
AC23	A0015	瑞銀投信	26289695A	瑞銀亞洲高收益債券證券投資信託基金A類型	TWD	11.748	11.7749	-0.0269
AC23	A0015	瑞銀投信	26289695B	瑞銀亞洲高收益債券證券投資信託基金B類型	TWD	9.8581	9.8807	-0.0226
AG	A0015	瑞銀投信	48841045	瑞銀亞洲全方位不動產基金	TWD	8.25	8.25	0
AA2	A0015	瑞銀投信	48955264	瑞銀全球創新趨勢基金	TWD	5.53	5.54	-0.01
AB1	A0016	群益投信	17147605	群益真善美基金	TWD	16.6757	16.6517	0.024
AB1	A0016	群益投信	18037845	群益平衡王基金	TWD	19.021	18.9733	0.0477
AA1	A0016	群益投信	19339782	群益創新科技基金	TWD	22.19	22.17	0.02
AA1	A0016	群益投信	20081352	群益店頭市場基金	TWD	55.16	55.2	-0.04
AE23	A0016	群益投信	21723538	群益多重資產組合基金	TWD	12.98	12.96	0.02
AA2	A0016	群益投信	25602535	群益東方盛世基金	TWD	9.81	9.71	0.1
AA2	A0016	群益投信	25629892	群益華夏盛世基金	TWD	11.54	11.35	0.19
AA2	A0016	群益投信	25675430	群益印巴雙星基金	TWD	7.82	7.82	0
AA2	A0016	群益投信	25691699	群益亞太中小基金	TWD	9.82	9.76	0.06
AE22	A0016	群益投信	26265027	群益多利策略組合基金	TWD	11.32	11.32	0
AA2	A0016	群益投信	26285038	群益東協成長基金	TWD	9.68	9.62	0.06
AA2	A0016	群益投信	26300586	群益印度中小基金	TWD	7.68	7.65	0.03
AA2	A0016	群益投信	26319641	群益新興大消費基金	TWD	10	9.95	0.05
AA2	A0016	群益投信	26385629	群益大中華雙力優勢基金	TWD	10.3	10.22	0.08
AB1	A0016	群益投信	29243337	群益安家基金	TWD	16.5211	16.5143	0.0068
AC21	A0016	群益投信	31816633A	群益亞洲新興市場債券基金 - A(累積型)	TWD	9.569	9.5944	-0.0254
AC21	A0016	群益投信	31816633B	群益亞洲新興市場債券基金 - B(月配型)	TWD	8.9099	8.9334	-0.0235
AI1	A0016	群益投信	31836758	群益台股指數基金	TWD	12.503	12.449	0.054
AC21	A0016	群益投信	31892569A	群益全球新興收益債券基金-A(累積型)	TWD	9.4836	9.5018	-0.0182
AC21	A0016	群益投信	31892569B	群益全球新興收益債券基金-B(月配型)	TWD	8.8152	8.8322	-0.017
AA2	A0016	群益投信	38486685A	群益美國新創亮點基金-新臺幣	TWD	10.19	10.09	0.1
AA2	A0016	群益投信	38486685B	群益美國新創亮點基金-美元	USD	10.1886	10.092	0.0966
AA2	A0016	群益投信	38486708A	群益全球關鍵生技基金-新臺幣	TWD	10.26	10.18	0.08
AA2	A0016	群益投信	38486708B	群益全球關鍵生技基金-美元	USD	10.2576	10.1808	0.0768
AA1	A0016	群益投信	48675778	群益奧斯卡基金	TWD	19.37	19.42	-0.05
AE22	A0016	群益投信	48720160	群益多重收益組合基金	TWD	12.74	12.73	0.01
AA1	A0016	群益投信	48749899	群益葛萊美基金	TWD	15.71	15.7	0.01
AB2	A0016	群益投信	48787295	群益亞太新趨勢平衡基金	TWD	13.74	13.76	-0.02
AA2	A0016	群益投信	48852561	群益新興金鑽基金	TWD	7.94	7.91	0.03
AG	A0016	群益投信	48898594A	群益全球不動產平衡基金-A(累積型)	TWD	6.9	6.94	-0.04
AG	A0016	群益投信	48898594B	群益全球不動產平衡基金-B(季配型)	TWD	5.51	5.54	-0.03
AA1	A0016	群益投信	81591434	群益長安基金	TWD	18.37	18.35	0.02
AA1	A0016	群益投信	92028997	群益中小型股基金	TWD	34.15	34.23	-0.08
AD1	A0016	群益投信	97978525	群益安穩貨幣市場基金	TWD	15.7644	15.7641	0.0003
AA1	A0016	群益投信	97984293	群益馬拉松基金	TWD	77.93	77.79	0.14
AD1	A0017	德信投信	14290085	德信萬保貨幣市場基金	TWD	11.699	11.6989	0.0001
AA1	A0017	德信投信	18033138	德信數位時代基金	TWD	20.22	20.13	0.09
AA2	A0017	德信投信	25689835	德信中國精選成長基金	TWD	9.01	8.96	0.05
AA1	A0017	德信投信	26288534	德信台灣主流中小基金	TWD	12.95	12.96	-0.01
AE21	A0017	德信投信	31896050	德信新興股票組合基金	TWD	9.93	9.93	0
AA1	A0017	德信投信	97972846	德信大發基金	TWD	22.95	22.81	0.14
AC21	A0017	德信投信	99636428	德信萬瑞基金	TWD	10.9416	10.9701	-0.0285
AC21	A0018	聯博投信	31936709A	聯博新興市場企業債券基金-A2類型	TWD	9.6398	9.6584	-0.0186
AC21	A0018	聯博投信	31936709B	聯博新興市場企業債券基金-AT類型	TWD	9.3782	9.3964	-0.0182
AG	A0018	聯博投信	48719071A	聯博亞太地產基金-A類型	TWD	11.01	10.99	0.02
AG	A0018	聯博投信	48719071B	聯博亞太地產基金-B類型	TWD	8.52	8.51	0.01
AA1	A0018	聯博投信	97997635	聯博大利基金	TWD	26.17	26	0.17
AD1	A0018	聯博投信	97998424	聯博貨幣市場基金	TWD	14.7714	14.7712	0.0002
AA2	A0020	日盛投信	10303947	日盛亞洲星鑽基金	TWD	10.85	10.8	0.05
AA1	A0020	日盛投信	17147078	日盛精選五虎基金	TWD	26.66	26.61	0.05
AA1	A0020	日盛投信	17607591	日盛高科技基金	TWD	9.47	9.46	0.01
AA1	A0020	日盛投信	20084317	日盛日盛基金	TWD	9.53	9.54	-0.01
AE22	A0020	日盛投信	25690517	日盛金緻招牌組合基金	TWD	9.8075	9.8096	-0.0021
AA1	A0020	日盛投信	26273336	日盛MIT主流基金	TWD	10.65	10.72	-0.07
AA2	A0020	日盛投信	26323737	日盛中國內需動力基金	TWD	10.22	10.15	0.07
AC23	A0020	日盛投信	31827147A	日盛亞洲高收益債券基金A	TWD	10.8837	10.9042	-0.0205
AC23	A0020	日盛投信	31827147B	日盛亞洲高收益債券基金B	TWD	10.0733	10.0923	-0.019
AC21	A0020	日盛投信	31967890A	日盛全球新興債券基金A	TWD	10.0391	10.0655	-0.0264
AC21	A0020	日盛投信	31967890B	日盛全球新興債券基金B	TWD	9.8966	9.9226	-0.026
AA2	A0020	日盛投信	48925706	日盛大中華基金	TWD	6.27	6.25	0.02
AA1	A0020	日盛投信	48948481	日盛首選基金	TWD	10.13	10.17	-0.04
AA2	A0020	日盛投信	48968970	日盛全球抗暖化基金	TWD	8.17	8.2	-0.03
AA1	A0020	日盛投信	73988876	日盛小而美基金	TWD	14.83	14.96	-0.13
AD1	A0020	日盛投信	81580387	日盛貨幣市場基金	TWD	14.4585	14.4583	0.0002
AA1	A0020	日盛投信	81584975	日盛上選基金	TWD	19.96	20.03	-0.07
AA1	A0020	日盛投信	94991068	日盛新台商基金	TWD	25.62	25.82	-0.2
AC23	A0021	柏瑞投信	10340936A	柏瑞全球策略高收益債券基金-A	TWD	12.5111	12.5259	-0.0148
AC23	A0021	柏瑞投信	10340936B	柏瑞全球策略高收益債券基金-B	TWD	8.4913	8.5014	-0.0101
AA1	A0021	柏瑞投信	20094820	柏瑞巨人基金	TWD	9.71	9.73	-0.02
AE22	A0021	柏瑞投信	21709584	柏瑞旗艦全球安穩組合基金	TWD	13.2869	13.2857	0.0012
AC23	A0021	柏瑞投信	25682798A	柏瑞新興市場高收益債券證券投資信託基金-A類型	TWD	11.6844	11.7055	-0.0211
AC23	A0021	柏瑞投信	25682798B	柏瑞新興市場高收益債券證券投資信託基金-B類型	TWD	9.3126	9.3294	-0.0168
AA2	A0021	柏瑞投信	26259496	柏瑞五國金勢力建設基金	TWD	7.42	7.42	0
AA2	A0021	柏瑞投信	26285240	柏瑞中印雙霸基金	TWD	9.99	9.94	0.05
AE21	A0021	柏瑞投信	29229530	柏瑞旗艦全球成長組合基金	TWD	14.01	13.99	0.02
AC21	A0021	柏瑞投信	31827266A	柏瑞新興市場企業策略債券基金-A類型	TWD	10.5231	10.549	-0.0259
AC21	A0021	柏瑞投信	31827266B	柏瑞新興市場企業策略債券基金-B類型	TWD	9.7515	9.7755	-0.024
AE23	A0021	柏瑞投信	48570676	柏瑞全球金牌組合基金	TWD	13.47	13.48	-0.01
AA2	A0021	柏瑞投信	48807089	柏瑞拉丁美洲基金	TWD	9.51	9.6	-0.09
AC21	A0021	柏瑞投信	48873398A	柏瑞美國雙核心收益基金-A不配息型	TWD	11.1014	11.1302	-0.0288
AC21	A0021	柏瑞投信	48873398B	柏瑞美國雙核心收益基金-B配息型	TWD	8.5423	8.5644	-0.0221
AA2	A0021	柏瑞投信	48944099A	柏瑞亞太高股息基金-A類型	TWD	11.2	11.16	0.04
AA2	A0021	柏瑞投信	48944099B	柏瑞亞太高股息基金-B類型	TWD	8.39	8.36	0.03
AD1	A0021	柏瑞投信	73992978	柏瑞巨輪貨幣市場基金	TWD	13.4375	13.4373	0.0002
AE23	A0021	柏瑞投信	99353053	柏瑞旗艦全球平衡組合基金	TWD	15.73	15.7	0.03
AA2	A0022	復華投信	10300441	復華全球大趨勢基金	TWD	15.22	15.24	-0.02
AA2	A0022	復華投信	10374246	復華華人世紀基金	TWD	14.07	13.9	0.17
AC21	A0022	復華投信	14916692	復華全球債券基金	TWD	12.9268	12.9506	-0.0238
AB1	A0022	復華投信	15742001	復華人生目標基金	TWD	23.1729	23.0314	0.1415
AB1	A0022	復華投信	17138818	復華傳家基金	TWD	16.1571	16.0719	0.0852
AD1	A0022	復華投信	17597405	復華有利貨幣市場基金	TWD	13.1875	13.1873	0.0002
AA1	A0022	復華投信	17608487	復華數位經濟基金	TWD	26.66	26.43	0.23
AB1	A0022	復華投信	18035945	復華傳家二號基金	TWD	18.0662	17.9663	0.0999
AA1	A0022	復華投信	18488279	復華中小精選基金	TWD	35.33	35.15	0.18
AA1	A0022	復華投信	21759676	復華全方位基金	TWD	16.77	16.54	0.23
AC21	A0022	復華投信	25590496	復華全球短期收益基金	TWD	11.1136	11.1159	-0.0023
AE23	A0022	復華投信	25620891	復華高益策略組合基金	TWD	12.69	12.68	0.01
AA2	A0022	復華投信	25676249	復華全球原物料基金	TWD	9.59	9.61	-0.02
AE23	A0022	復華投信	26204036	復華新興債股動力組合基金	TWD	10.44	10.45	-0.01
AA2	A0022	復華投信	26276235	復華大中華中小策略基金	TWD	9.04	8.97	0.07
AC21	A0022	復華投信	26305800	復華新興市場短期收益基金	TWD	10.41	10.42	-0.01
AC23	A0022	復華投信	26305816A	復華新興市場高收益債券基金A	TWD	10.12	10.11	0.01
AC23	A0022	復華投信	26305816B	復華新興市場高收益債券基金B	TWD	8.43	8.42	0.01
AA2	A0022	復華投信	26334404	復華東協世紀基金	TWD	12.05	11.97	0.08
AH2	A0022	復華投信	31835478	復華滬深300 A股基金	TWD	14.03	14.03	0
AF	A0022	復華投信	31901862	復華南非幣2017保本基金	ZAR	9.86	9.87	-0.01
AC21	A0022	復華投信	31901878A	復華南非幣短期收益基金A	ZAR	10.3	10.31	-0.01
AC21	A0022	復華投信	31901878B	復華南非幣短期收益基金B	ZAR	9.76	9.77	-0.01
AC21	A0022	復華投信	31901899A	復華南非幣長期收益基金A	ZAR	9.81	9.84	-0.03
AC21	A0022	復華投信	31901899B	復華南非幣長期收益基金B	ZAR	9.11	9.14	-0.03
AC21	A0022	復華投信	31939229A	復華新興人民幣債券基金A	CNY	10.09	10.1	-0.01
AC21	A0022	復華投信	31939229B	復華新興人民幣債券基金B	CNY	9.81	9.81	0
AD2	A0022	復華投信	31939240	復華人民幣貨幣市場基金	CNY	10.1498	10.1491	0.0007
AA2	A0022	復華投信	31980113	復華全球消費基金	TWD	10.15	10.18	-0.03
AA2	A0022	復華投信	31980129	復華美國新星基金	TWD	10.45	10.47	-0.02
AB2	A0022	復華投信	48733658	復華亞太平衡基金	TWD	12.15	12.12	0.03
AE22	A0022	復華投信	48782931	復華全球債券組合基金	TWD	14.01	14.03	-0.02
AA2	A0022	復華投信	48837540	復華亞太成長基金	TWD	11.04	10.91	0.13
AG	A0022	復華投信	48898525A	復華全球資產證券化基金A	TWD	11.61	11.68	-0.07
AG	A0022	復華投信	48898525B	復華全球資產證券化基金B	TWD	9	9.05	-0.05
AE23	A0022	復華投信	48952512	復華奧林匹克全球優勢組合基金	TWD	12.34	12.3	0.04
AD1	A0022	復華投信	73980446	復華貨幣市場基金	TWD	14.14	14.1398	0.0002
AA1	A0022	復華投信	73998086	復華高成長基金	TWD	35.66	35.42	0.24
AA1	A0022	復華投信	81587889	復華復華基金	TWD	12.52	12.43	0.09
AB2	A0022	復華投信	99034755	復華全球平衡基金	TWD	16.53	16.5	0.03
AB1	A0022	復華投信	99607599	復華神盾基金	TWD	15.9359	15.8296	0.1063
AE23	A0022	復華投信	99985163	復華奧林匹克全球組合基金	TWD	14.99	14.98	0.01
AA2	A0025	永豐投信	10307606	永豐環球趨勢資源基金	TWD	9.22	9.2	0.02
AA2	A0025	永豐投信	10397629	永豐大中華基金	TWD	9.03	9	0.03
AA1	A0025	永豐投信	13998344	永豐中小基金	TWD	36.07	35.71	0.36
AB1	A0025	永豐投信	14706582	永豐趨勢平衡基金	TWD	31.06	30.98	0.08
AA1	A0025	永豐投信	17152509	永豐高科技基金	TWD	13.8	13.76	0.04
AA2	A0025	永豐投信	25599877	永豐亞洲民生消費基金	TWD	10.49	10.48	0.01
AA2	A0025	永豐投信	26202781	永豐全球新興向榮基金	TWD	7.56	7.53	0.03
AC21	A0025	永豐投信	26265167	永豐全球投資等級債券基金	TWD	10.5161	10.5339	-0.0178
AE22	A0025	永豐投信	26304859A	永豐新興高收雙債組合基金累積類型	TWD	10.8054	10.8075	-0.0021
AE22	A0025	永豐投信	26304859B	永豐新興高收雙債組合基金月配類型	TWD	9.2459	9.2477	-0.0018
AH1	A0025	永豐投信	26332314	永豐臺灣加權ETF基金	TWD	42.66	42.45	0.21
AA2	A0025	永豐投信	31812778	永豐中國經濟建設基金	TWD	12.96	12.92	0.04
AC23	A0025	永豐投信	31842338A	永豐中國高收益債券基金-新臺幣累積類型	TWD	10.7267	10.7403	-0.0136
AC23	A0025	永豐投信	31842338B	永豐中國高收益債券基金-人民幣累積類型	CNY	2.1612	2.16	0.0012
AC23	A0025	永豐投信	31842338C	永豐中國高收益債券基金-人民幣月配類型	CNY	2.1037	2.1025	0.0012
AC23	A0025	永豐投信	31842338D	永豐中國高收益債券基金-新臺幣月配類型	TWD	10.6959	10.7094	-0.0135
AC21	A0025	永豐投信	31909604A	永豐新興市場企業債券基金累積類型	TWD	9.7227	9.7409	-0.0182
AC21	A0025	永豐投信	31909604B	永豐新興市場企業債券基金月配類型	TWD	9.3193	9.3367	-0.0174
AI2	A0025	永豐投信	31977594	永豐滬深300紅利指數基金	TWD	9.48	9.49	-0.01
AE22	A0025	永豐投信	48804668	永豐全球債券組合基金	TWD	10.5425	10.5389	0.0036
AA2	A0025	永豐投信	48890039	永豐主流品牌基金	TWD	13.84	13.97	-0.13
AD1	A0025	永豐投信	73982015	永豐貨幣市場基金	TWD	13.6154	13.6152	0.0002
AA1	A0025	永豐投信	73992013	永豐領航科技基金	TWD	17.57	17.58	-0.01
AB1	A0025	永豐投信	80916244	永豐中概平衡基金	TWD	28.94	28.91	0.03
AA1	A0025	永豐投信	81594690	永豐永豐基金	TWD	29.93	29.8	0.13
AE23	A0025	永豐投信	99361820	永豐全球平衡組合基金	TWD	12.13	12.12	0.01
AB1	A0026	中國信託投信	18038078	中國信託精穩基金	TWD	12.4387	12.4388	-0.0001
AC21	A0026	中國信託投信	31996797A	中國信託全球新興市場策略債券基金A(不配息)	TWD	10.0186	10.0332	-0.0146
AC21	A0026	中國信託投信	31996797B	中國信託全球新興市場策略債券基金B(配息)	TWD	10.0186	10.0332	-0.0146
AE22	A0026	中國信託投信	48772011	中國信託全球固定收益組合基金	TWD	13.9738	13.9685	0.0053
AA1	A0026	中國信託投信	48809501	中國信託台灣優勢基金	TWD	10.89	10.9	-0.01
AA2	A0026	中國信託投信	48862809	中國信託東方精選基金	TWD	8.16	8.06	0.1
AA1	A0026	中國信託投信	48893417	中國信託台灣活力基金	TWD	7.96	7.91	0.05
AD1	A0026	中國信託投信	80907786	中國信託華盈貨幣市場基金	TWD	10.7656	10.7654	0.0002
AD1	A0026	中國信託投信	83863018	中國信託益利信貨幣市場基金	TWD	13.0767	13.0765	0.0002
AA1	A0027	宏利投信	17144889	宏利台灣動力基金	TWD	16.96	16.98	-0.02
AC21	A0027	宏利投信	25630146A	宏利亞太入息債券基金A	TWD	11.2047	11.2079	-0.0032
AC21	A0027	宏利投信	25630146B	宏利亞太入息債券基金B	TWD	9.6119	9.6145	-0.0026
AA2	A0027	宏利投信	25677726	宏利亞太中小企業基金	TWD	17.28	17.21	0.07
AC23	A0027	宏利投信	26258187A	宏利新興市場高收益債券基金-A類型	TWD	10.6468	10.6616	-0.0148
AC23	A0027	宏利投信	26258187B	宏利新興市場高收益債券基金-B類型	TWD	8.7613	8.7736	-0.0123
AC23	A0027	宏利投信	26325600A	宏利中國點心高收益債券基金-A類型(美元)	USD	11.3523	11.3491	0.0032
AC23	A0027	宏利投信	26325600B	宏利中國點心高收益債券基金-B類型(美元)	USD	10.716	10.713	0.003
AC23	A0027	宏利投信	26325600C	宏利中國點心高收益債券基金-A類型(人民幣)	CNY	68.7659	68.7701	-0.0042
AC23	A0027	宏利投信	26325600D	宏利中國點心高收益債券基金-B類型(人民幣)	CNY	64.9896	64.9944	-0.0048
AC21	A0027	宏利投信	26389097A	宏利中國離岸債券基金-A類型(新臺幣)	TWD	10.7195	10.724	-0.0045
AC21	A0027	宏利投信	26389097B	宏利中國離岸債券基金-B類型(新臺幣)	TWD	10.2049	10.208	-0.0031
AC21	A0027	宏利投信	26389097C	宏利中國離岸債券基金-A類型(人民幣)	CNY	2.1811	2.1814	-0.0003
AC21	A0027	宏利投信	26389097D	宏利中國離岸債券基金-B類型(人民幣)	CNY	2.0691	2.0686	0.0005
AC21	A0027	宏利投信	31893103A	宏利東方明珠短期收益基金(美元)	USD	10.5797	10.5753	0.0044
AC21	A0027	宏利投信	31893103B	宏利東方明珠短期收益基金(人民幣)	CNY	63.8511	63.8489	0.0022
AF	A0027	宏利投信	31934358	宏利澳幣保本基金	AUD	9.4168	9.4088	0.008
AE22	A0027	宏利投信	48789982	宏利全球債券組合基金	TWD	12.5312	12.5388	-0.0076
AA2	A0027	宏利投信	48916256	宏利精選中華基金	TWD	8.95	8.85	0.1
AA1	A0027	宏利投信	73982057	宏利臺灣高股息基金	TWD	18.66	18.65	0.01
AD1	A0027	宏利投信	83863973	宏利萬利貨幣市場基金	TWD	13.4618	13.4617	0.0001
AD1	A0029	安多利投信	17142502	安多利永利貨幣市場基金	TWD	12.6822	12.682	0.0002
AA1	A0029	安多利投信	18031960	安多利高科技基金	TWD	7.89	7.84	0.05
AD1	A0031	貝萊德投信	17141530	貝萊德新台幣基金	TWD	12.7271	12.7269	0.0002
AA1	A0031	貝萊德投信	19330712	貝萊德寶利基金	TWD	13.73	13.69	0.04
AA1	A0032	安泰投信	00968493	安泰ING鴻運基金	TWD	14.63	14.71	-0.08
AB1	A0032	安泰投信	00971103	安泰ING鴻利基金	TWD	15.06	15.05	0.01
AA1	A0032	安泰投信	00988316	安泰ING台灣運籌基金	TWD	21.88	21.89	-0.01
AD1	A0032	安泰投信	01013051	安泰ING鴻揚貨幣市場基金	TWD	16.6772	16.6771	0.0001
AA2	A0032	安泰投信	01021518	安泰ING環球基金	TWD	10.83	10.88	-0.05
AA1	A0032	安泰投信	01031564	安泰ING積極成長基金	TWD	8.77	8.79	-0.02
AA2	A0032	安泰投信	10306986	安泰ING新興傘型基金之中東非洲基金	TWD	8.56	8.57	-0.01
AA2	A0032	安泰投信	10306992	安泰ING新興傘型基金之大俄羅斯基金	TWD	8.72	8.78	-0.06
AA2	A0032	安泰投信	10307015	安泰ING新興傘型基金之韓國基金	TWD	8.83	8.8	0.03
AA2	A0032	安泰投信	14697373	安泰ING全球品牌基金	TWD	22.48	22.62	-0.14
AA1	A0032	安泰投信	17146752	安泰ING成長基金	TWD	21.01	21.07	-0.06
AA1	A0032	安泰投信	17600534	安泰ING高科技基金	TWD	6.17	6.18	-0.01
AB1	A0032	安泰投信	17602250	安泰ING平衡基金	TWD	14.31	14.28	0.03
AA1	A0032	安泰投信	18037937	安泰INGｅ科技基金	TWD	12.43	12.45	-0.02
AD1	A0032	安泰投信	18479285	安泰ING精選貨幣市場基金	TWD	11.9399	11.9398	0.0001
AA1	A0032	安泰投信	18488469	安泰ING中小基金	TWD	29.93	30.08	-0.15
AA1	A0032	安泰投信	19330754	安泰ING優質基金	TWD	24.2	24.28	-0.08
AA2	A0032	安泰投信	20089404	安泰ING泰國基金	TWD	33.13	33.33	-0.2
AG	A0032	安泰投信	21758780A	安泰ING全球不動產證券化基金累積型	TWD	11.68	11.71	-0.03
AG	A0032	安泰投信	21758780B	安泰ING全球不動產證券化基金月配型	TWD	9.68	9.76	-0.08
AA2	A0032	安泰投信	25530596	安泰ING中國機會基金	TWD	10.49	10.42	0.07
AC21	A0032	安泰投信	25624144A	安泰ING全球美元投資級公司債基金-累積型	TWD	10.6031	10.6383	-0.0352
AC21	A0032	安泰投信	25624144B	安泰ING全球美元投資級公司債基金-季配型	TWD	8.8567	8.9112	-0.0545
AA2	A0032	安泰投信	25652008	安泰ING巴西基金	TWD	6.16	6.23	-0.07
AE22	A0032	安泰投信	26204964A	安泰ING新興高收益債組合基金-累積型	TWD	10.8984	10.9022	-0.0038
AE22	A0032	安泰投信	26204964B	安泰ING新興高收益債組合基金-月配型	TWD	9.2448	9.2891	-0.0443
AA2	A0032	安泰投信	26278374	安泰ING雙印傘型基金之印度潛力基金	TWD	7.72	7.69	0.03
AA2	A0032	安泰投信	26278389	安泰ING雙印傘型基金之印尼潛力基金	TWD	8.51	8.45	0.06
AC23	A0032	安泰投信	26310557A	安泰ING亞太複合高收益債基金-累積型	TWD	11.542	11.564	-0.022
AC23	A0032	安泰投信	26310557B	安泰ING亞太複合高收益債基金-月配型	TWD	10.0638	10.1321	-0.0683
AA2	A0032	安泰投信	26391404	安泰ING金磚七國基金	TWD	9.18	9.2	-0.02
AC23	A0032	安泰投信	38480612A	安泰ING環球高收益債基金-累積類型新臺幣計價	TWD	10.1562	10.1728	-0.0166
AC23	A0032	安泰投信	38480612B	安泰ING環球高收益債基金-月配類型新臺幣計價	TWD	10.1562	10.1728	-0.0166
AC23	A0032	安泰投信	38480612C	安泰ING環球高收益債基金-累積類型美元計價	USD	10.2476	10.2809	-0.0333
AC23	A0032	安泰投信	38480612D	安泰ING環球高收益債基金-月配類型美元計價	USD	10.2476	10.2809	-0.0333
AA2	A0032	安泰投信	48745964A	安泰ING亞太高股息基金累積型	TWD	11.03	10.98	0.05
AA2	A0032	安泰投信	48745964B	安泰ING亞太高股息基金季配型	TWD	9	9.12	-0.12
AA2	A0032	安泰投信	48844514	安泰ING全球生技醫療基金	TWD	14.11	14.01	0.1
AA2	A0032	安泰投信	48968900	安泰ING全球氣候變遷基金	TWD	7.77	7.78	-0.01
AA2	A0032	安泰投信	92017008	安泰ING新馬基金	TWD	16.57	16.5	0.07
AD1	A0032	安泰投信	92024520	安泰ING貨幣市場基金	TWD	15.9427	15.9425	0.0002
AA2	A0032	安泰投信	94988015A	安泰ING全球高股息基金累積型	TWD	16.39	16.46	-0.07
AA2	A0032	安泰投信	94988015B	安泰ING全球高股息基金季配型	TWD	13.36	13.96	-0.6
AA2	A0032	安泰投信	97982106	安泰ING日本基金	TWD	9.68	9.56	0.12
AE22	A0032	安泰投信	99035229	安泰ING鑫全球債券組合基金	TWD	12.5685	12.5693	-0.0008
AE23	A0032	安泰投信	99364447	安泰ING鑫平衡組合基金	TWD	12.73	12.73	0
AA1	A0032	安泰投信	99973878	安泰ING台灣高股息基金	TWD	17.08	16.98	0.1
AA2	A0032	安泰投信	99975165A	安泰ING歐洲高股息基金累積型	TWD	12.23	12.28	-0.05
AA2	A0032	安泰投信	99975165B	安泰ING歐洲高股息基金季配型	TWD	9.82	9.9	-0.08
AE22	A0033	聯邦投信	13984587	聯邦優勢策略全球債券組合基金	TWD	14.9397	14.9494	-0.0097
AD1	A0033	聯邦投信	17144332	聯邦貨幣市場基金	TWD	12.9104	12.9102	0.0002
AA1	A0033	聯邦投信	17597236	聯邦精選科技基金	TWD	9.34	9.26	0.08
AA1	A0033	聯邦投信	18496290	聯邦中國龍基金	TWD	16.64	16.57	0.07
AC21	A0033	聯邦投信	31887600A	聯邦双囍新興亞洲債券基金A	TWD	10.0993	10.1125	-0.0132
AC21	A0033	聯邦投信	31887600B	聯邦双囍新興亞洲債券基金B	TWD	9.5118	9.5243	-0.0125
AC23	A0033	聯邦投信	31998423A	聯邦新興資源豐富國家高收益債券基金A	TWD	10.0153	10.0229	-0.0076
AC23	A0033	聯邦投信	31998423B	聯邦新興資源豐富國家高收益債券基金B	TWD	10.0153	10.0229	-0.0076
AB1	A0033	聯邦投信	98669575	聯邦金鑽平衡基金	TWD	13.7107	13.6515	0.0592
AA1	A0035	未來資產投信	10341251	未來資產台灣新趨勢基金	TWD	12.56	12.54	0.02
AA1	A0035	未來資產投信	17597600	未來資產阿波羅基金	TWD	7.71	7.72	-0.01
AD1	A0035	未來資產投信	18035966	未來資產所羅門貨幣市場基金	TWD	12.3301	12.3299	0.0002
AC23	A0035	未來資產投信	26299194A	未來資產亞洲高收益債券基金A	TWD	10.6613	10.677	-0.0157
AC23	A0035	未來資產投信	26299194B	未來資產亞洲高收益債券基金B	TWD	10.6613	10.677	-0.0157
AA2	A0035	未來資產投信	26378535	未來資產亞洲新富基金	TWD	13.22	13.02	0.2
AC21	A0035	未來資產投信	31840107A	未來資產環球債券基金A	TWD	9.8082	9.8173	-0.0091
AC21	A0035	未來資產投信	31840107B	未來資產環球債券基金B	TWD	9.3454	9.354	-0.0086
AC21	A0035	未來資產投信	31939614A	未來資產新興市場債券基金A	TWD	9.5126	9.5242	-0.0116
AC21	A0035	未來資產投信	31939614B	未來資產新興市場債券基金B	TWD	9.2749	9.2863	-0.0114
AA2	A0035	未來資產投信	31971888	未來資產全球大消費基金	TWD	12.15	12.11	0.04
AG	A0035	未來資產投信	48925184A	未來資產亞太不動產證券化基金A	TWD	8.52	8.52	0
AG	A0035	未來資產投信	48925184B	未來資產亞太不動產證券化基金B	TWD	7.79	7.78	0.01
AE23	A0035	未來資產投信	99645003	未來資產閣來寶全球組合基金	TWD	12.36	12.34	0.02
AE22	A0036	德盛安聯投信	10350645	德盛安聯四季回報債券組合基金	TWD	13.891	13.8808	0.0102
AA2	A0036	德盛安聯投信	14693593	德盛全球生技大壩基金	TWD	27.36	26.93	0.43
AA1	A0036	德盛安聯投信	17604124	德盛台灣大壩基金	TWD	13.31	13.25	0.06
AD1	A0036	德盛安聯投信	18033003	德盛安聯台灣貨幣市場基金	TWD	12.231	12.2308	0.0002
AA1	A0036	德盛安聯投信	18480065	德盛科技大壩基金	TWD	19.66	19.55	0.11
AA2	A0036	德盛安聯投信	25589337	德盛安聯中國策略增長基金	TWD	11.75	11.59	0.16
AA2	A0036	德盛安聯投信	25627819	德盛安聯全球油礦金趨勢基金	TWD	10.55	10.6	-0.05
AA2	A0036	德盛安聯投信	25680150	德盛安聯中國東協新世紀基金	TWD	12.08	12.03	0.05
AA2	A0036	德盛安聯投信	26282932	德盛安聯亞洲小型企業基金	TWD	10.47	10.4	0.07
AA1	A0036	德盛安聯投信	26309025	德盛安聯台灣好息富基金	TWD	11.3	11.24	0.06
AE22	A0036	德盛安聯投信	26398976A	德盛安聯四季豐收債券組合基金-A Share	TWD	11.2179	11.2088	0.0091
AE22	A0036	德盛安聯投信	26398976B	德盛安聯四季豐收債券組合基金-B Share	TWD	10.455	10.4466	0.0084
AE23	A0036	德盛安聯投信	38481149A	德盛安聯四季雙收入息組合證券投資信託基金-A類型	TWD	10.3	10.27	0.03
AE23	A0036	德盛安聯投信	38481149B	德盛安聯四季雙收入息組合證券投資信託基金-B類型	TWD	10.3	10.27	0.03
AB2	A0036	德盛安聯投信	48738909	德盛安聯全球計量平衡基金	TWD	11.79	11.8	-0.01
AA2	A0036	德盛安聯投信	48806595	德盛安聯全球綠能趨勢基金	TWD	9.68	9.69	-0.01
AB2	A0036	德盛安聯投信	48865952	德盛安聯多元計量平衡基金	TWD	8.45	8.48	-0.03
AA2	A0036	德盛安聯投信	48937267	德盛安聯全球人口趨勢基金	TWD	8.56	8.56	0
AA2	A0036	德盛安聯投信	48981946	德盛安聯全球農金趨勢基金	TWD	9.04	9.05	-0.01
AA1	A0036	德盛安聯投信	48997911	德盛安聯台灣智慧趨勢基金	TWD	14.88	14.89	-0.01
AC21	A0036	德盛安聯投信	98669250A	德盛安聯全球債券基金-A類型	TWD	11.8632	11.8778	-0.0146
AC21	A0036	德盛安聯投信	98669250B	德盛安聯全球債券基金-B類型	TWD	11.7402	11.7546	-0.0144
AA2	A0036	德盛安聯投信	99337168	德盛安聯亞洲動態策略基金	TWD	19.37	19.22	0.15
AA2	A0036	德盛安聯投信	99978472	德盛安聯全球新興市場基金	TWD	15.41	15.42	-0.01
AA1	A0037	國泰投信	01031874	國泰小龍基金	TWD	12.29	12.27	0.02
AA1	A0037	國泰投信	14705562	國泰科技生化基金	TWD	25.08	25.08	0
AA1	A0037	國泰投信	17612497	國泰國泰基金	TWD	14.53	14.59	-0.06
AD1	A0037	國泰投信	18034853	國泰台灣貨幣市場基金	TWD	12.1954	12.1952	0.0002
AA1	A0037	國泰投信	18043059	國泰中小成長基金	TWD	33.61	33.54	0.07
AB1	A0037	國泰投信	18494624	國泰平衡基金	TWD	19.39	19.42	-0.03
AA1	A0037	國泰投信	19291128	國泰大中華基金	TWD	19.74	19.67	0.07
AA2	A0037	國泰投信	25621998	國泰中港台基金	TWD	9.93	9.83	0.1
AE22	A0037	國泰投信	25681952	國泰豐益債券組合基金	TWD	11.4274	11.425	0.0024
AA2	A0037	國泰投信	26203542	國泰新興市場基金	TWD	8.47	8.46	0.01
AA2	A0037	國泰投信	26273455	國泰全球資源基金	TWD	6.91	6.95	-0.04
AA2	A0037	國泰投信	26317735	國泰中國內需增長基金	TWD	13.03	12.88	0.15
AC23	A0037	國泰投信	26331835A	國泰新興高收益債券基金A	TWD	10.6765	10.7053	-0.0288
AC23	A0037	國泰投信	26331835B	國泰新興高收益債券基金B	TWD	9.3063	9.3314	-0.0251
AA2	A0037	國泰投信	31821137	國泰中國新興戰略基金	TWD	15.74	15.55	0.19
AA1	A0037	國泰投信	31837449	國泰價值卓越基金	TWD	13.56	13.54	0.02
AF	A0037	國泰投信	31894665	國泰紐幣保本基金	NZD	9.7643	9.7379	0.0264
AC23	A0037	國泰投信	31913488A	國泰策略高收益債券基金A	TWD	10.1	10.12	-0.02
AC23	A0037	國泰投信	31913488B	國泰策略高收益債券基金B	TWD	9.55	9.57	-0.02
AF	A0037	國泰投信	31939641	國泰紐幣八年期保本基金	NZD	9.3876	9.3556	0.032
AD2	A0037	國泰投信	38482908	國泰中國傘型基金之人民幣貨幣市場基金	CNY	10.0255	10.0248	0.0007
AC21	A0037	國泰投信	38482914	國泰中國傘型基金之中國新興債券基金	TWD	10.26	10.28	-0.02
AE23	A0037	國泰投信	48681477	國泰幸福階梯傘型基金之全球穩健組合基金	TWD	12.86	12.85	0.01
AE21	A0037	國泰投信	48681504	國泰幸福階梯傘型基金之全球積極組合基金	TWD	14.98	14.95	0.03
AA2	A0037	國泰投信	48832881	國泰全球基礎建設基金	TWD	11.21	11.2	0.01
AA1	A0037	國泰投信	48948623	國泰台灣計量基金	TWD	11	10.94	0.06
AA2	A0037	國泰投信	48973191	國泰全球環保趨勢基金	TWD	8.77	8.77	0
AA1	A0038	富達投信	13984165	富達台灣成長基金	TWD	22.09	21.93	0.16
AE23	A0038	富達投信	48820610	富達動力領航組合基金	TWD	11.65	11.67	-0.02
AE23	A0038	富達投信	99992354	富達卓越領航全球組合基金	TWD	11.38	11.39	-0.01
AD1	A0040	德銀遠東投信	13999821	德銀遠東DWS台灣貨幣市場基金	TWD	11.4268	11.4266	0.0002
AA1	A0040	德銀遠東投信	14545897	德銀遠東DWS科技基金	TWD	15.08	14.99	0.09
AA1	A0040	德銀遠東投信	18499732	德銀遠東DWS台灣旗艦基金	TWD	16.88	16.86	0.02
AE23	A0040	德銀遠東投信	25594177A	德銀遠東DWS多元集利組合基金累積型	TWD	10.87	10.9	-0.03
AE23	A0040	德銀遠東投信	25594177B	德銀遠東DWS多元集利組合基金分配型	TWD	9.22	9.24	-0.02
AA2	A0040	德銀遠東投信	26263787	德銀遠東DWS全球神農基金	TWD	10.55	10.53	0.02
AC23	A0040	德銀遠東投信	26300262A	德銀遠東DWS亞洲高收益債券累積型	TWD	10.9297	10.9474	-0.0177
AC23	A0040	德銀遠東投信	26300262B	德銀遠東DWS亞洲高收益債券分配型	TWD	9.1629	9.1778	-0.0149
AA2	A0040	德銀遠東投信	99632577	德銀遠東DWS全球原物料能源基金	TWD	19.36	19.45	-0.09
AA1	A0041	凱基投信	13539952	凱基開創基金	TWD	18.19	18.25	-0.06
AD1	A0041	凱基投信	14703038	凱基凱旋貨幣市場基金	TWD	11.3382	11.338	0.0002
AA1	A0041	凱基投信	25612029	凱基台灣精五門基金	TWD	18.05	18.12	-0.07
AE21	A0041	凱基投信	25691430	凱基新興趨勢ETF組合基金	TWD	8.49	8.49	0
AA2	A0041	凱基投信	26258172	凱基資源國基金	TWD	8.87	8.87	0
AA2	A0041	凱基投信	26323981	凱基新興市場中小基金	TWD	12.16	12.16	0
AC21	A0041	凱基投信	31829855A	凱基全球資源債券基金-不配息型	TWD	9.9441	9.9728	-0.0287
AC21	A0041	凱基投信	31829855B	凱基全球資源債券基金-配息型	TWD	9.4218	9.449	-0.0272
AA2	A0041	凱基投信	31884076	凱基雲端趨勢基金	TWD	13.14	13.13	0.01
AC21	A0041	凱基投信	31977320A	凱基新興亞洲債券基金-不配息型	TWD	10.0058	10.0212	-0.0154
AC21	A0041	凱基投信	31977320B	凱基新興亞洲債券基金-配息型	TWD	9.9096	9.9249	-0.0153
AA2	A0041	凱基投信	48882220	凱基台商天下基金	TWD	8.62	8.6	0.02
AA2	A0041	凱基投信	48997927	凱基亞洲四金磚基金	TWD	13.55	13.47	0.08
AD1	A0042	施羅德投信	14553777	施羅德新紀元貨幣市場基金	TWD	11.4615	11.4614	0.0001
AA2	A0042	施羅德投信	25675543	施羅德世界資源基金	TWD	8.8	8.85	-0.05
AC23	A0042	施羅德投信	26265912A	施羅德全球策略高收益債券基金-累積	TWD	10.2415	10.2412	0.0003
AC23	A0042	施羅德投信	26265912B	施羅德全球策略高收益債券基金-分配	TWD	8.2672	8.2669	0.0003
AC23	A0042	施羅德投信	31825598A	施羅德中國高收益債券基金-累積型	TWD	11.2513	11.2657	-0.0144
AC23	A0042	施羅德投信	31825598B	施羅德中國高收益債券基金-分配型	TWD	10.3468	10.3623	-0.0155
AC23	A0042	施羅德投信	31825598C	施羅德中國高收益債券基金(美元)-累積型	USD	0.3767	0.3769	-0.0002
AC23	A0042	施羅德投信	31825598D	施羅德中國高收益債券基金(美元)-分配型	USD	0.3473	0.3474	-0.0001
AC23	A0042	施羅德投信	31825598E	施羅德中國高收益債券基金(人民幣)-累積型	CNY	2.2784	2.2807	-0.0023
AC23	A0042	施羅德投信	31825598F	施羅德中國高收益債券基金(人民幣)-分配型	CNY	2.1041	2.1062	-0.0021
AC21	A0042	施羅德投信	31999979A	施羅德中國債券基金(美元)-累積型	USD	10.0551	10.0523	0.0028
AC21	A0042	施羅德投信	31999979B	施羅德中國債券基金(美元)-分配型	USD	10.0552	10.0524	0.0028
AC21	A0042	施羅德投信	31999979C	施羅德中國債券基金(人民幣)-累積型	CNY	9.9948	9.9961	-0.0013
AC21	A0042	施羅德投信	31999979D	施羅德中國債券基金(人民幣)-分配型	CNY	9.9949	9.9961	-0.0012
AA1	A0042	施羅德投信	48948834	施羅德樂活中小基金	TWD	12.71	12.75	-0.04
AA1	A0043	華頓投信	14694495	華頓台灣基金	TWD	18.87	18.94	-0.07
AD1	A0043	華頓投信	15566790	華頓平安貨幣市場基金	TWD	11.2947	11.2945	0.0002
AC23	A0043	華頓投信	25652470A	華頓全球高收益債券基金A	TWD	12.476	12.4853	-0.0093
AC23	A0043	華頓投信	25652470B	華頓全球高收益債券基金B	TWD	10.3731	10.3808	-0.0077
AC21	A0043	華頓投信	31828693A	華頓新興亞太債券基金A	TWD	9.9204	9.9241	-0.0037
AC21	A0043	華頓投信	31828693B	華頓新興亞太債券基金B	TWD	9.2322	9.2356	-0.0034
AC21	A0043	華頓投信	31977530A	華頓全球核心價值收益債券基金A	TWD	10.0201	10.0476	-0.0275
AC21	A0043	華頓投信	31977530B	華頓全球核心價值收益債券基金B	TWD	9.9521	9.9795	-0.0274
AA2	A0043	華頓投信	48712112	華頓全球黑鑽油源基金	TWD	6.58	6.58	0
AA1	A0043	華頓投信	48731589	華頓典範科技基金	TWD	8.78	8.79	-0.01
AA2	A0043	華頓投信	48842261	華頓全球時尚精品基金	TWD	12.98	13.08	-0.1
AA1	A0043	華頓投信	80892778	華頓中小型基金	TWD	22.55	22.58	-0.03
AA1	A0044	惠理康和投信	10337833	惠理康和台灣紅不讓基金	TWD	14.85	14.78	0.07
AC23	A0044	惠理康和投信	31835391	惠理康和中國點心高收益債券基金	TWD	10.7182	10.7455	-0.0273
AA2	A0044	惠理康和投信	31923248	惠理康和兩岸價值基金	TWD	10.22	10.16	0.06
AB2	A0044	惠理康和投信	38491420A	惠理康和美元平衡收益基金A類型	USD	10	9.99	0.01
AB2	A0044	惠理康和投信	38491420B	惠理康和美元平衡收益基金B類型	USD	10	9.99	0.01
AA1	A0045	富蘭克林華美投信	15733973	富蘭克林華美第一富基金	TWD	26.41	26.3	0.11
AE22	A0045	富蘭克林華美投信	21718768A	富蘭克林華美全球債券組合基金-累計型	TWD	13.7937	13.7906	0.0031
AE22	A0045	富蘭克林華美投信	21718768B	富蘭克林華美全球債券組合基金-分配型	TWD	10.7723	10.7699	0.0024
AA2	A0045	富蘭克林華美投信	25515602	富蘭克林華美中華基金	TWD	12.65	12.58	0.07
AE21	A0045	富蘭克林華美投信	25687668	富蘭克林華美新興趨勢傘型基金之天然資源組合基金	TWD	9.0005	9.0381	-0.0376
AE22	A0045	富蘭克林華美投信	25687674A	富蘭克林華美新興趨勢傘型基金之積極回報債券組合基金-累計型	TWD	11.2241	11.225	-0.0009
AE22	A0045	富蘭克林華美投信	25687674B	富蘭克林華美新興趨勢傘型基金之積極回報債券組合基金-分配型	TWD	9.4145	9.4153	-0.0008
AE21	A0045	富蘭克林華美投信	25687689	富蘭克林華美新興趨勢傘型基金之新興市場股票組合基金	TWD	9.6168	9.5863	0.0305
AA2	A0045	富蘭克林華美投信	26287795	富蘭克林華美中國消費基金	TWD	11.61	11.55	0.06
AA1	A0045	富蘭克林華美投信	26310297	富蘭克林華美台股傘型基金之高科技基金	TWD	11.81	11.8	0.01
AA1	A0045	富蘭克林華美投信	26310310	富蘭克林華美台股傘型基金之傳產基金	TWD	12.97	12.96	0.01
AC23	A0045	富蘭克林華美投信	31836244A	富蘭克林華美全球高收益債券基金-新台幣累積型	TWD	11.3127	11.3198	-0.0071
AC23	A0045	富蘭克林華美投信	31836244B	富蘭克林華美全球高收益債券基金-新台幣分配型	TWD	10.4629	10.4695	-0.0066
AC23	A0045	富蘭克林華美投信	31836244C	富蘭克林華美全球高收益債券基金-美元累積型	USD	10.1192	10.12	-0.0008
AC23	A0045	富蘭克林華美投信	31836244D	富蘭克林華美全球高收益債券基金-美元分配型	USD	9.9607	9.9615	-0.0008
AC23	A0045	富蘭克林華美投信	31836244E	富蘭克林華美全球高收益債券基金-澳幣累積型	AUD	10.1505	10.1506	-0.0001
AC23	A0045	富蘭克林華美投信	31836244F	富蘭克林華美全球高收益債券基金-澳幣分配型	AUD	9.9919	9.9923	-0.0004
AD1	A0045	富蘭克林華美投信	31897044	富蘭克林華美貨幣市場基金	TWD	10.0808	10.0807	0.0001
AC21	A0045	富蘭克林華美投信	31920832A	富蘭克林華美全球投資級債券證券投資信託基金-累積型	TWD	9.8668	9.9001	-0.0333
AC21	A0045	富蘭克林華美投信	31920832B	富蘭克林華美全球投資級債券證券投資信託基金-分配型	TWD	9.6558	9.6884	-0.0326
AE21	A0045	富蘭克林華美投信	48858299	富蘭克林華美坦伯頓全球股票組合基金	TWD	10.7527	10.7336	0.0191
AA2	A0045	富蘭克林華美投信	48997270	富蘭克林華美新世界股票基金	TWD	11.4	11.35	0.05
AA2	A0047	台新投信	10313190	台新大中華基金	TWD	10.32	10.23	0.09
AA1	A0047	台新投信	17602821	台新2000高科技基金	TWD	20.68	20.47	0.21
AD1	A0047	台新投信	19341387	台新1699貨幣市場基金	TWD	13.2135	13.2133	0.0002
AB1	A0047	台新投信	21719942	台新高股息平衡基金	TWD	21.6013	21.4221	0.1792
AA2	A0047	台新投信	25691213	台新中國精選中小基金	TWD	10.22	10.13	0.09
AA2	A0047	台新投信	26291783	台新新興傘型基金之台新新興歐洲基金	TWD	7.9	7.96	-0.06
AA2	A0047	台新投信	26291799	台新新興傘型基金之台新拉丁美洲基金	TWD	7.08	7.15	-0.07
AA2	A0047	台新投信	26322646	台新印度基金	TWD	9.4	9.4	0
AC23	A0047	台新投信	31829551A	台新亞澳高收益債券基金(累計型)	TWD	10.3055	10.3216	-0.0161
AC23	A0047	台新投信	31829551B	台新亞澳高收益債券基金(月配息型)	TWD	9.6026	9.6176	-0.015
AI2	A0047	台新投信	31897939	台新羅傑斯環球資源指數基金	TWD	10.817	10.857	-0.04
AI2	A0047	台新投信	31897945	台新羅傑斯世界礦業指數基金	TWD	7.75	7.814	-0.064
AC21	A0047	台新投信	31969530A	台新新興市場債券基金(A類型)	TWD	9.7935	9.8053	-0.0118
AC21	A0047	台新投信	31969530B	台新新興市場債券基金(B類型)	TWD	9.4435	9.4549	-0.0114
AG	A0047	台新投信	48753605A	台新北美收益資產證券化基金(A)	TWD	14.7	14.79	-0.09
AG	A0047	台新投信	48753605B	台新北美收益資產證券化基金(B)	TWD	13.95	14.03	-0.08
AA1	A0047	台新投信	48858663	台新主流基金	TWD	15.45	15.28	0.17
AC21	A0047	台新投信	48870809	台新亞美短期債券基金	TWD	10.1343	10.1491	-0.0148
AD1	A0047	台新投信	73987460	台新大眾貨幣市場基金	TWD	13.8772	13.877	0.0002
AA1	A0047	台新投信	80894446	台新中國通基金	TWD	24.41	24.3	0.11
AA1	A0047	台新投信	81588536	台新大眾基金	TWD	20.43	20.29	0.14
AD1	A0047	台新投信	99949293	台新真吉利貨幣市場基金	TWD	10.8797	10.8796	0.0001
AA1	A0048	合庫巴黎投信	26320632	合庫巴黎台灣領航基金	TWD	10.49	10.45	0.04
AC23	A0048	合庫巴黎投信	31890485A	合庫巴黎全球高收益債券基金A類型	TWD	10.5336	10.5303	0.0033
AC23	A0048	合庫巴黎投信	31890485B	合庫巴黎全球高收益債券基金B類型	TWD	9.8827	9.8797	0.003
AA2	A0048	合庫巴黎投信	31922640	合庫巴黎全球新興市場基金	TWD	9.24	9.26	-0.02
AE22	A0048	合庫巴黎投信	31972676A	合庫巴黎新興多重收益組合證券投資信託基金A類型	TWD	10.1186	10.1271	-0.0085
AE22	A0048	合庫巴黎投信	31972676B	合庫巴黎新興多重收益組合證券投資信託基金B類型	TWD	10.1185	10.1271	-0.0086
